data_mean: -0.000404580
data_std: 0.108187131
no_classes: 11